1002978906532728834
1002978906532728834
1002978906532728834
1002995796810391555
1002995796810391555
1002995796810391555
1002906776214364160
1002906776214364160
1002906776214364160
1002927820631302145
1002927820631302145
1002927820631302145
1002996026414944256
1002996026414944256
1002996026414944256
1002950812765597697
1002950812765597697
1002950812765597697
1002546981091397632
1002546981091397632
1002546981091397632
1002442280916082688
1002442280916082688
1002442280916082688
968165374050086912
968165374050086912
968165374050086912
1002344719949746176
1002344719949746176
1002344719949746176
1002280148979404800
1002280148979404800
1002280148979404800
1002990166724792322
1002990166724792322
1002990166724792322
1002672919879737344
1002672919879737344
1002672919879737344
1002569890283257856
1002569890283257856
1002569890283257856
1002990764257959936
1002990764257959936
1002990764257959936
1002955869011808256
1002955869011808256
1002955869011808256
1001867590942314496
1001867590942314496
1001867590942314496
1002988678841491456
1002988678841491456
1002988678841491456
989172644443385856
989172644443385856
989172644443385856
1002989048267452423
1002989048267452423
1002989048267452423
935902517187284992
935902517187284992
935902517187284992
1002938488151420930
1002938488151420930
1002938488151420930
1002897913180250112
1002897913180250112
1002897913180250112
973220256733847552
973220256733847552
973220256733847552
1001195947169402880
1001195947169402880
1001195947169402880
856895346672369664
856895346672369664
856895346672369664
1002964395054587905
1002964395054587905
1002964395054587905
972984658798379008
972984658798379008
972984658798379008
1002953243469676545
1002953243469676545
1002953243469676545
1002970903125192709
1002970903125192709
1002970903125192709
1002656206660435972
1002656206660435972
1002656206660435972
885456360208519168
885456360208519168
885456360208519168
1002884877384069121
1002884877384069121
1002884877384069121
1002767618305155072
1002767618305155072
1002767618305155072
1002975382809673728
1002975382809673728
1002975382809673728
1001839086485803014
1001839086485803014
1001839086485803014
1001514115075133440
1001514115075133440
1001514115075133440
1001177228338782208
1001177228338782208
1001177228338782208
985973829833912320
985973829833912320
985973829833912320
1002618884560752640
1002618884560752640
1002618884560752640
503339476484386816
503339476484386816
503339476484386816
1002995160341405701
1002995160341405701
1002995160341405701
1002927837979004928
1002927837979004928
1002927837979004928
1002561034048167937
1002561034048167937
1002561034048167937
1001390083105284097
1001390083105284097
1001390083105284097
1002527360212717568
1002527360212717568
1002527360212717568
1002966375634276352
1002966375634276352
1002966375634276352
